6.97770845, 49.23300549
6.9777025, 49.23300275
6.97770242, 49.23300523
6.97770207, 49.23300792
6.9777029, 49.23301149
6.97770053, 49.23301357
6.97769116, 49.23301169
6.97768901, 49.2330134
6.97768698, 49.23301192
6.97768817, 49.23301498
6.97768735, 49.23301663
6.97768808, 49.23302151
6.97768257, 49.23303379
6.9776575, 49.2330474
6.97763539, 49.23306021
6.97762336, 49.23307604
6.97761695, 49.23310083
6.97760703, 49.23313105
6.97760038, 49.23315783
6.97758772, 49.23318678
6.9775834, 49.23322231
6.9775794, 49.23325948
6.97757457, 49.23329409
6.97757222, 49.2333271
6.97756491, 49.23335406
6.97756174, 49.23338217
6.97755529, 49.23340622
6.97754611, 49.23342821
6.97754338, 49.23344308
6.97754443, 49.23345949
6.97754079, 49.23347353
6.97753771, 49.23349107
6.97753145, 49.23351456
6.97752255, 49.23353847
6.97753144, 49.23357023
6.97752234, 49.23359713
6.97750874, 49.23363517
6.97749796, 49.23367457
6.9774997, 49.23370242
6.9775284, 49.23373022
6.97760514, 49.23375381
6.97767416, 49.23377358
6.97773901, 49.23378579
6.97779538, 49.23379511
6.97784922, 49.23380423
6.97790047, 49.23381403
6.97796052, 49.23382181
6.97802643, 49.23383012
6.97809139, 49.2338359
6.97816058, 49.23384052
6.97823049, 49.23384687
6.97830043, 49.2338478
6.97836794, 49.23384797
6.97843477, 49.23385274
6.97850149, 49.23385268
6.97857179, 49.23385577
6.97863836, 49.23385962
6.97870513, 49.23386345
6.97877397, 49.23386373
6.97884227, 49.2338668
6.97892131, 49.23387326
6.97899433, 49.23388217
6.97906673, 49.23389415
6.97913863, 49.23390028
6.9792084, 49.23389704
6.97927979, 49.23390164
6.97934712, 49.23390998
6.97939827, 49.23391583
6.9794559, 49.23391948
6.97951924, 49.23392404
6.97958179, 49.23393491
6.97964005, 49.23394499
6.97970911, 49.23395415
6.97977131, 49.23396045
6.97983315, 49.23396496
6.97989679, 49.23396813
6.97996933, 49.23397039
6.98003627, 49.23397377
6.98009589, 49.23397423
6.98014577, 49.23397412
6.98019962, 49.23397098
6.98025642, 49.23397256
6.98031667, 49.23397833
6.98037696, 49.2339819
6.9804395, 49.23398272
6.98050514, 49.23398077
6.98056543, 49.23397799
6.98062923, 49.23398079
6.98069029, 49.23398368
6.98075139, 49.2339893
6.98081351, 49.23399319
6.9808748, 49.23399735
6.98093678, 49.23400142
6.98099876, 49.23400769
6.98106132, 49.23400957
6.98112358, 49.23400836
6.98118289, 49.23400962
6.98124366, 49.2340161
6.98130453, 49.23401802
6.98136852, 49.2340186
6.9814327, 49.23401006
6.98149731, 49.23400619
6.98155944, 49.2340003
6.98162545, 49.23399261
6.98168804, 49.23398453
6.98175702, 49.23398244
6.98182262, 49.2339777
6.981889, 49.23397141
6.98195721, 49.23396893
6.98201207, 49.23396669
6.98205661, 49.23396661
6.98209557, 49.23396801
6.98212428, 49.23397021
6.9821666, 49.23397441
6.98221079, 49.23397886
6.98226212, 49.23397427
6.98230858, 49.23396599
6.98234836, 49.23396044
6.98238443, 49.23396
6.98242766, 49.23395646
6.9824733, 49.2339486
6.98252349, 49.23393832
6.98257784, 49.23393291
6.98263369, 49.23393091
6.98268985, 49.23392809
6.98274858, 49.23392486
6.98281385, 49.23392286
6.98287964, 49.23392239
6.98295084, 49.23392543
6.98301892, 49.23393527
6.98308707, 49.23394533
6.98316022, 49.23394735
6.98323429, 49.23394286
6.98331541, 49.23394069
6.98339999, 49.23393984
6.98348728, 49.23394162
6.9835743, 49.23394102
6.98366737, 49.23394099
6.98375663, 49.23394039
6.98384373, 49.2339361
6.98392802, 49.23393196
6.98402375, 49.2339287
6.98412236, 49.23392811
6.98421167, 49.23392544
6.98430144, 49.23391916
6.98438171, 49.23390788
6.98447268, 49.23389762
6.98456891, 49.2338985
6.98466352, 49.23390005
6.9847494, 49.23390339
6.98483222, 49.23390421
6.98491492, 49.23390522
6.98500077, 49.23390294
6.98509311, 49.23389149
6.98518671, 49.2338823
6.98525429, 49.23387091
6.98532563, 49.23385902
6.98538451, 49.23384517
6.98541808, 49.23383398
6.98545022, 49.23382299
6.9854781, 49.2338077
6.98550003, 49.23379562
6.98551589, 49.2337829
6.985523, 49.23377811
6.98552726, 49.2337813
6.98553037, 49.23378732
6.98553224, 49.23379086
6.98553662, 49.23379591
6.98553856, 49.23379477
6.9855429, 49.23379277
6.9855429, 49.23379277
6.9855429, 49.23379277
6.9855429, 49.23379277
6.9855429, 49.23379277
6.9855429, 49.23379277
6.9855429, 49.23379277
6.9855429, 49.23379277
6.9855429, 49.23379277
6.9855429, 49.23379277
6.9855429, 49.23379277
6.9855429, 49.23379277
6.9855429, 49.23379277
6.9855429, 49.23379277
6.9855429, 49.23379277
6.9855429, 49.23379277
6.9855429, 49.23379277
6.9855429, 49.23379277
6.9855429, 49.23379277
6.9855429, 49.23379277
6.9855429, 49.23379277
6.9855429, 49.23379277
6.9855429, 49.23379277
6.9855429, 49.23379277
6.9855429, 49.23379277
6.9855429, 49.23379277
6.9855429, 49.23379277
6.9855429, 49.23379277
6.9855429, 49.23379277
6.9855429, 49.23379277
6.9855429, 49.23379277
6.9855429, 49.23379277
6.9855429, 49.23379277
6.9855429, 49.23379277
6.9855429, 49.23379277
6.9855429, 49.23379277
6.9855429, 49.23379277
6.9855429, 49.23379277
6.9855429, 49.23379277
6.98554486, 49.23379083
6.98556998, 49.23378558
6.98561178, 49.23378382
6.98565368, 49.23378315
6.98569658, 49.23378033
6.98574412, 49.23377738
6.98578633, 49.23377731
6.98582745, 49.23377683
6.98587691, 49.23377525
6.98593808, 49.23377231
6.98600266, 49.23376609
6.9860692, 49.23375852
6.98612748, 49.23375121
6.98619172, 49.23374869
6.98625831, 49.23375226
6.98633309, 49.23375391
6.9864044, 49.23375183
6.98646933, 49.23374547
6.98652675, 49.23373878
6.98658067, 49.23373207
6.98663946, 49.23372631
6.98669755, 49.23371687
6.9867646, 49.23371179
6.98682862, 49.23370312
6.98688903, 49.23369607
6.98694766, 49.23368864
6.98701164, 49.2336778
6.98708323, 49.23366746
6.98715927, 49.23364881
6.98722776, 49.23363273
6.98728931, 49.23361362
6.98735405, 49.23359749
6.98741627, 49.23358605
6.98748466, 49.23357484
6.98756119, 49.23356132
6.9876408, 49.23355051
6.98771396, 49.23354044
6.98778245, 49.2335316
6.98785801, 49.23352458
6.98792665, 49.2335151
6.98800408, 49.23351144
6.98809236, 49.23350936
6.98815656, 49.23350559
6.98820679, 49.23350065
6.98824939, 49.23350412
6.98826518, 49.23350316
6.98826668, 49.23350531
6.98826312, 49.23350903
6.98826158, 49.23351224
6.98826003, 49.23351646
6.98826003, 49.23351646
6.98826003, 49.23351646
6.98826003, 49.23351646
6.98826003, 49.23351646
6.98826003, 49.23351646
6.98826003, 49.23351646
6.98826003, 49.23351646
6.98826003, 49.23351646
6.98826003, 49.23351646
6.98826003, 49.23351646
6.98826003, 49.23351646
6.98826003, 49.23351646
6.98826003, 49.23351646
6.98826003, 49.23351646
6.98826003, 49.23351646
6.98826003, 49.23351646
6.98826003, 49.23351646
6.98826003, 49.23351646
6.98826003, 49.23351646
6.98826003, 49.23351646
6.98826003, 49.23351646
6.98826003, 49.23351646
6.98826003, 49.23351646
6.98826003, 49.23351646
6.98826003, 49.23351646
6.98826003, 49.23351646
6.98826003, 49.23351646
6.98826003, 49.23351646
6.98826003, 49.23351646
6.98826003, 49.23351646
6.98826003, 49.23351646
6.98826003, 49.23351646
6.98826003, 49.23351646
6.98826003, 49.23351646
6.98826003, 49.23351646
6.98826003, 49.23351646
6.98826003, 49.23351646
6.98826003, 49.23351646
6.98826003, 49.23351646
6.98826003, 49.23351646
6.98826003, 49.23351646
6.98826003, 49.23351646
6.98826003, 49.23351646
6.98826003, 49.23351646
6.98826003, 49.23351646
6.98826003, 49.23351646
6.98826003, 49.23351646
6.98826003, 49.23351646
6.98826003, 49.23351646
6.98826003, 49.23351646
6.98826003, 49.23351646
6.98826003, 49.23351646
6.98826003, 49.23351646
6.98826003, 49.23351646
6.98826003, 49.23351646
6.98826003, 49.23351646
6.98826003, 49.23351646
6.98826003, 49.23351646
6.98826003, 49.23351646
6.98826003, 49.23351646
6.98826003, 49.23351646
6.98826058, 49.23351568
6.9882708, 49.23351547
6.98830668, 49.2335127
6.98835441, 49.23350363
6.98840608, 49.23349523
6.98845677, 49.23348837
6.98850931, 49.23348273
6.98856485, 49.23347616
6.98862225, 49.23346889
6.98867849, 49.23346071
6.98873434, 49.23345591
6.98878964, 49.23345101
6.98884487, 49.23344403
6.98889338, 49.23343135
6.98894311, 49.2334281
6.9889952, 49.23342398
6.98905162, 49.23342601
6.9891046, 49.2334278
6.98916156, 49.23342747
6.98922035, 49.23342606
6.98928949, 49.233422
6.98935113, 49.23341712
6.9894073, 49.23340999
6.98946463, 49.23339925
6.9895399, 49.23339304
6.9896301, 49.23339212
6.98973555, 49.23340033
6.98981836, 49.23340332
6.98989292, 49.2334074
6.98995984, 49.23340913
6.99001383, 49.2334059
6.99006519, 49.23340991
6.99009593, 49.23341573
6.9901182, 49.2334211
6.99013731, 49.23342495
6.99016684, 49.23342481
6.9902083, 49.23342178
6.99026418, 49.23339887
6.99031992, 49.2333827
6.99036494, 49.23337109
6.99041407, 49.2333498
6.9904501, 49.23333726
6.99048612, 49.23332279
6.99050855, 49.23331457
6.99052236, 49.23330891
6.99052452, 49.23330829
6.99053685, 49.23331829
6.99055624, 49.23333696
6.99056737, 49.23335157
6.9905605, 49.23334958
6.99054444, 49.23336347
6.99053417, 49.2333917
6.99053472, 49.23342593
6.99054647, 49.23346413
6.99054992, 49.23349716
6.99054886, 49.23352818
6.99053487, 49.23356045
6.99051727, 49.23359169
6.99049969, 49.23362589
6.99048372, 49.23366736
6.9904786, 49.23370238
6.99046928, 49.23372598
6.99045484, 49.23374084
6.99044291, 49.23376025
6.99043261, 49.23377539
6.99042646, 49.23378391
6.99041789, 49.23378309
6.99041789, 49.23378309
6.99041789, 49.23378309
6.99041789, 49.23378309
6.99041789, 49.23378309
6.99041789, 49.23378309
6.99041789, 49.23378309
6.99041789, 49.23378309
6.99041789, 49.23378309
6.99041789, 49.23378309
6.99041789, 49.23378309
6.99041789, 49.23378309
6.99041789, 49.23378309
6.99041789, 49.23378309
6.99041789, 49.23378309
6.99041789, 49.23378309
6.99041789, 49.23378309
6.99041789, 49.23378309
6.99041789, 49.23378309
6.99041789, 49.23378309
6.99041789, 49.23378309
6.99041789, 49.23378309
6.99041789, 49.23378309
6.99041789, 49.23378309
6.99041789, 49.23378309
6.99041789, 49.23378309
6.99041789, 49.23378309
6.99041789, 49.23378309
6.99041789, 49.23378309
6.99041789, 49.23378309
6.99041789, 49.23378309
6.99041789, 49.23378309
6.99041789, 49.23378309
6.99041789, 49.23378309
6.99041789, 49.23378309
6.99041789, 49.23378309
6.99041789, 49.23378309
6.99041789, 49.23378309
6.99041789, 49.23378309
6.99041789, 49.23378309
6.99041789, 49.23378309
6.99041789, 49.23378309
6.99041789, 49.23378309
6.99041789, 49.23378309
6.99041789, 49.23378309
6.99041789, 49.23378309
6.99041789, 49.23378309
6.99041789, 49.23378309
6.99041028, 49.23384193
6.99040522, 49.23387904
6.99040011, 49.23390452
6.99038931, 49.2339271
6.99038373, 49.23394857
6.99038174, 49.23396824
6.99037613, 49.23398739
6.99037839, 49.23400432
6.99039416, 49.2340185
6.99041313, 49.23402839
6.99044057, 49.23403414
6.99047419, 49.23403719
6.99050592, 49.23404243
6.9905411, 49.23403962
6.99057184, 49.23403448
6.99059617, 49.23402771
6.99061276, 49.23402654
6.99062516, 49.23402469
6.99062669, 49.23402288
6.99062669, 49.23402288
6.99062669, 49.23402288
6.99062669, 49.23402288
6.99062669, 49.23402288
6.99062669, 49.23402288
6.99062669, 49.23402288
6.99062669, 49.23402288
6.99062669, 49.23402288
6.99062669, 49.23402288
6.99062669, 49.23402288
6.99062669, 49.23402288
6.99063462, 49.23401945
6.99065405, 49.23402282
6.99068594, 49.23402219
6.99073145, 49.23401701
6.99077315, 49.23400711
6.99081197, 49.23399759
6.99084919, 49.23399241
6.99088198, 49.23399138
6.99091991, 49.23399018
6.99096256, 49.23399236
6.99100711, 49.23399707
6.99105893, 49.23400153
6.99111102, 49.23400313
6.99116162, 49.23399829
6.99121001, 49.2339894
6.99124841, 49.23397862
6.99128612, 49.23396965
6.99132442, 49.23396459
6.99136767, 49.23396168
6.99140611, 49.23396301
6.99143698, 49.23396413
6.99145521, 49.2339656
6.9914716, 49.23396652
6.99148573, 49.23396475
6.99150261, 49.23396263
6.9915137, 49.23396198
6.99152476, 49.23396336
6.99152627, 49.23396582
6.99153858, 49.23396649
6.99156799, 49.23396373
6.99159864, 49.23396274
6.99162563, 49.23396058
6.99166398, 49.23395606
6.99170527, 49.23394845
6.99174857, 49.23394537
6.99179528, 49.23394624
6.99184607, 49.23394859
6.99189753, 49.2339507
6.99195194, 49.23395567
6.99200911, 49.23396316
6.99206748, 49.23397025
6.99212268, 49.23397943
6.99217864, 49.23398714
6.99223283, 49.23399386
6.99228187, 49.23400028
6.99233257, 49.23400876
6.9923784, 49.23401417
6.99242516, 49.23401848
6.99246719, 49.23402226
6.99250796, 49.2340266
6.99255166, 49.234031
6.99259084, 49.23403384
6.9926309, 49.23403645
6.99268586, 49.23404512
6.99274561, 49.23405744
6.99279902, 49.23406539
6.99285582, 49.23407411
6.99291411, 49.23408475
6.99296501, 49.23409564
6.99300177, 49.23411035
6.99302775, 49.23412533
6.99305934, 49.23414075
6.99309333, 49.23415142
6.99312552, 49.23416254
6.99315309, 49.23417411
6.99316924, 49.23418196
6.99316513, 49.23418474
6.99316126, 49.23418668
6.99316126, 49.23418668
6.99315876, 49.23418197
6.99316513, 49.23418082
6.99316513, 49.23418082
6.99316513, 49.23418082
6.99316513, 49.23418082
6.99316513, 49.23418082
