6.99326434, 49.23394606
6.9932645, 49.23394322
6.99326339, 49.23394135
6.99326418, 49.23394132
6.99326543, 49.23394454
6.99327363, 49.23394838
6.99328451, 49.23394819
6.99328763, 49.23394585
6.99328346, 49.23394836
6.99327444, 49.23396743
6.99326859, 49.23398496
6.99326164, 49.2340088
6.99325767, 49.23402962
6.99325529, 49.23404942
6.9932615, 49.23407043
6.99326729, 49.23409063
6.99327459, 49.23410917
6.99328518, 49.23412992
6.9932964, 49.2341546
6.99331316, 49.2341781
6.99333658, 49.23419788
6.99335779, 49.23421808
6.99338263, 49.23423891
6.99341623, 49.23425357
6.99345388, 49.23426393
6.99348938, 49.23427135
6.99351806, 49.23427488
6.99354504, 49.23427689
6.99356655, 49.23427691
6.99357336, 49.23427767
6.993575, 49.23428181
6.9935749, 49.23429163
6.99357087, 49.23431286
6.9935729, 49.2343397
6.9935908, 49.23436318
6.99362134, 49.23439453
6.99365767, 49.23442372
6.99369434, 49.23444807
6.99372294, 49.23448194
6.99375328, 49.2345118
6.99379586, 49.23453032
6.99382506, 49.23456041
6.99383887, 49.23459297
6.99385609, 49.2346243
6.99389144, 49.23464309
6.99392859, 49.23466269
6.9939688, 49.23468062
6.99400504, 49.23470093
6.99405403, 49.23470687
6.99409705, 49.23471476
6.99413542, 49.23472161
6.99416989, 49.23473246
6.99420173, 49.23474657
6.99422548, 49.2347578
6.99425085, 49.23476831
6.99427956, 49.23477944
6.99430092, 49.23479747
6.99432839, 49.23481462
6.99434989, 49.23483878
6.99437038, 49.23487037
6.99438465, 49.23489377
6.99440033, 49.23491552
6.99441435, 49.23493841
6.99443692, 49.2349593
6.99446279, 49.23497902
6.99448614, 49.23499816
6.99450776, 49.23501725
6.99452185, 49.23503448
6.99453781, 49.23505683
6.99455555, 49.23507374
6.99457757, 49.23508851
6.99460506, 49.23510302
6.99463316, 49.23511329
6.99465467, 49.23512634
6.99466924, 49.23513191
6.99468544, 49.23514065
6.99470418, 49.23515642
6.99476289, 49.23514935
6.99483995, 49.23518237
6.99492585, 49.23519617
6.9949649, 49.23520165
6.99501511, 49.23519564
6.99507347, 49.23517397
6.99511924, 49.23516672
6.99515971, 49.23516362
6.99518792, 49.23516414
6.99520954, 49.2351621
6.99524124, 49.23515753
6.99525815, 49.2351605
6.99527532, 49.23516662
6.99528676, 49.23517353
6.99529164, 49.23517327
6.99530307, 49.23517376
6.99532034, 49.23517906
6.99534248, 49.23518388
6.99536449, 49.23518637
6.99539376, 49.23516652
6.99540664, 49.23516721
6.99542609, 49.23516528
6.99544309, 49.23516313
6.99546048, 49.23516514
6.99547676, 49.23516515
6.99548675, 49.23516233
6.99549997, 49.23516261
6.99552222, 49.23516313
6.9955368, 49.23516276
6.99554861, 49.23516395
6.99556485, 49.23516507
6.99558012, 49.23516393
6.99560745, 49.23517748
6.9956348, 49.23518904
6.99566096, 49.23518795
6.99568925, 49.23518878
6.99571193, 49.23519206
6.99573068, 49.23519369
6.99575452, 49.2352036
6.995775, 49.23520989
6.99579181, 49.23521686
6.99580586, 49.23522802
6.99581283, 49.23524068
6.99582424, 49.23522345
6.99583028, 49.23523209
6.9958313, 49.23524895
6.99583008, 49.23524973
6.99585661, 49.23525653
6.99587234, 49.23526595
6.99588164, 49.23526893
6.99586075, 49.23527621
6.99584317, 49.23528176
6.99580144, 49.23529243
6.99578761, 49.23529731
6.99575458, 49.23530344
6.99573461, 49.23531587
6.99570405, 49.23532052
6.99567292, 49.23531792
6.99565828, 49.23532327
6.9956465, 49.23532365
6.99563735, 49.23532468
6.99562761, 49.23531532
6.99561866, 49.23531419
6.9956126, 49.23531715
6.99561132, 49.23532348
6.99561407, 49.23534052
6.99560462, 49.23533625
6.99561041, 49.2353487
6.99563161, 49.23538608
6.99565032, 49.23541319
6.99565895, 49.23542344
6.99567308, 49.23544415
6.99568455, 49.23546864
6.99569147, 49.23549352
6.99568577, 49.23548397
6.99568565, 49.23547938
6.99568644, 49.23546539
6.99568605, 49.23545873
6.99568664, 49.23546709
6.9956834, 49.23547953
6.99569895, 49.23549936
6.9956907, 49.23548994
6.99570472, 49.23550498
6.99571341, 49.23551838
6.9957655, 49.23557704
6.99581702, 49.23562933
6.99583532, 49.23564913
6.99583541, 49.23563825
6.99584749, 49.23563902
6.99585381, 49.23564
6.99586072, 49.23565016
6.99586365, 49.23566207
6.99586074, 49.23567589
6.99586055, 49.23568771
6.99586252, 49.23569742
6.99585766, 49.23568564
6.99587172, 49.23569073
6.99588432, 49.235691
6.99589583, 49.23569108
6.99590778, 49.23569624
6.99592588, 49.23569628
6.99594097, 49.23569832
6.99595865, 49.2357042
6.99597017, 49.23570969
6.99598038, 49.23571425
6.99598996, 49.23571606
6.99599907, 49.23571827
6.99601137, 49.23574497
6.99603562, 49.23577375
6.99605204, 49.2357895
6.99607286, 49.23580095
6.99609541, 49.23581914
6.996126, 49.23582773
6.99615035, 49.23584057
6.9961747, 49.23585312
6.99618364, 49.23587112
6.99623164, 49.23600282
6.99625388, 49.23605341
6.99633036, 49.23609997
6.99636078, 49.23615824
6.99638608, 49.23620177
6.9964249, 49.23624057
6.99644053, 49.23626639
6.99645212, 49.23628888
6.99645935, 49.23631602
6.99647387, 49.23632632
6.99648623, 49.23634445
6.99648969, 49.2363679
6.99650694, 49.23637659
6.99651604, 49.23642557
6.99653867, 49.23646511
6.99656096, 49.23649227
6.99657849, 49.23653438
6.99659738, 49.23656529
6.9966111, 49.2365896
6.99661863, 49.23662671
6.99663616, 49.23667136
6.996654, 49.23670606
6.99667421, 49.23673752
6.9966949, 49.23676388
6.99671506, 49.23679464
6.99673192, 49.2368147
6.99674593, 49.2368332
6.99675712, 49.23685142
6.99677004, 49.23686646
6.99677978, 49.23687882
6.99678979, 49.2368903
6.99679716, 49.23690149
6.99680326, 49.23691151
6.99680488, 49.23692347
6.99680979, 49.23693922
6.99681353, 49.23695019
6.99681892, 49.23696005
6.9968259, 49.2369693
6.99684087, 49.23698644
6.99685817, 49.23700213
6.99687191, 49.23701568
6.99688665, 49.23698594
6.99689273, 49.23699554
6.9970282, 49.23725786
6.99704727, 49.23726559
6.99705457, 49.23727659
6.99705966, 49.23730589
6.99706963, 49.23732064
6.99707915, 49.23734991
6.99709003, 49.23738028
6.99710266, 49.23741044
6.99710785, 49.23743703
6.99711664, 49.23745662
6.99713175, 49.23749293
6.99714924, 49.23752655
6.99716359, 49.23756141
6.99717733, 49.23759644
6.99719146, 49.23763868
6.99720698, 49.23767513
6.99722208, 49.23770492
6.997242, 49.23773155
6.99726255, 49.23776586
6.99728517, 49.23779927
6.99730641, 49.23783317
6.99732449, 49.23786442
6.99734226, 49.23789216
6.99736049, 49.23792025
6.99737567, 49.23794884
6.99739241, 49.23797672
6.99740748, 49.23800398
6.99741405, 49.23802543
6.99742248, 49.2380453
6.99743196, 49.23806097
6.99743395, 49.23806669
6.99743514, 49.23806617
6.99743688, 49.23806987
6.99743686, 49.23806992
6.99743724, 49.23806996
6.99744838, 49.23806648
6.99745013, 49.23807012
6.99745533, 49.23808001
6.99745924, 49.23809693
6.99747432, 49.23810099
6.99748583, 49.23810025
6.99750747, 49.23809661
6.99754665, 49.23808764
6.99756899, 49.23806958
6.99758523, 49.2380431
6.99758833, 49.23801865
6.9975887, 49.23799167
6.99758757, 49.23796136
6.99757985, 49.23792933
6.99756479, 49.23789626
6.99754037, 49.23785448
6.99752343, 49.23781419
6.99750937, 49.23777579
6.99749413, 49.23774244
6.99747736, 49.23771188
6.99745929, 49.23767848
6.99744349, 49.23764686
6.99742642, 49.23761685
6.99740934, 49.23758864
6.99739, 49.23756045
6.99737134, 49.23753326
6.99735068, 49.23750402
6.99733218, 49.23747626
6.99731216, 49.23745064
6.99729199, 49.23742399
6.99727735, 49.23740103
6.99727328, 49.23738531
6.99725701, 49.23736207
6.99723697, 49.23733848
6.99722237, 49.23731754
6.99720665, 49.23729749
6.99718621, 49.23727522
6.99717825, 49.23725705
6.99718601, 49.23723993
6.99721859, 49.23721822
6.99725597, 49.23719672
6.99730088, 49.23717122
6.99735004, 49.23714476
6.99740735, 49.23711803
6.99745768, 49.23708924
6.99750042, 49.23706893
6.99754643, 49.2370465
6.99759019, 49.23703128
6.9976322, 49.23701447
6.99767506, 49.23700125
6.99772189, 49.23698634
6.99776816, 49.23696988
6.99780807, 49.23695905
6.99784, 49.23694648
6.99786465, 49.23693428
6.99789116, 49.23693866
6.99790699, 49.23693796
6.99791216, 49.23692911
6.99791019, 49.23692761
6.99790232, 49.23692412
6.99791018, 49.23689461
6.99790299, 49.23686511
6.99788937, 49.23683497
6.99787513, 49.23680295
6.99785904, 49.2367695
6.99784411, 49.23673374
6.99784378, 49.23669263
6.9978261, 49.2366582
6.99780441, 49.23662714
6.99779168, 49.23659446
6.99777249, 49.23656491
6.99776064, 49.23653287
6.99774861, 49.23649979
6.99773295, 49.23646909
6.99771846, 49.23643918
6.99770701, 49.23641116
6.99769215, 49.23637829
6.99767344, 49.23635092
6.99765616, 49.23632158
6.99763949, 49.23629373
6.99761998, 49.23626443
6.99760338, 49.23623385
6.99758316, 49.23620581
6.99756416, 49.23618264
6.99754781, 49.23616492
6.99750078, 49.23616473
6.99746598, 49.23616956
6.99744047, 49.23617032
6.9974213, 49.23617439
6.99741794, 49.23617067
6.99741315, 49.23617045
6.99741161, 49.23616557
6.9973996, 49.23615328
6.99738369, 49.23613598
6.99736389, 49.23611662
6.9973461, 49.23609486
6.99732783, 49.2360732
6.99730329, 49.2360513
6.99727785, 49.23602951
6.99725433, 49.23600379
6.99723233, 49.23597815
6.99721065, 49.23595328
6.99720181, 49.23593276
6.99719215, 49.23591551
6.99719259, 49.2358937
6.99718872, 49.23588012
6.99718189, 49.23586675
6.99717323, 49.2358523
6.99717168, 49.23584056
6.99716531, 49.23582678
6.99716176, 49.23581486
6.99715938, 49.23579593
6.99714304, 49.23577672
6.99712185, 49.235754
6.9971036, 49.23572604
6.99708112, 49.23569325
6.99705895, 49.23565851
6.99703068, 49.23562405
6.99699766, 49.23559037
6.9969691, 49.23555912
6.99695019, 49.23553036
6.99693919, 49.23549657
6.99692773, 49.23546631
6.99690643, 49.23544412
6.99689, 49.23543129
6.99687864, 49.235418
6.99686902, 49.23540591
6.9968552, 49.23538268
6.99683616, 49.23536373
6.99681947, 49.23535813
6.99681121, 49.23535467
6.99681093, 49.23535623
6.99680967, 49.23535562
6.99680723, 49.23535508
6.99680721, 49.23535479
6.99680739, 49.23535493
6.9968073, 49.23535466
6.99680724, 49.2353548
6.99680739, 49.23535479
6.99680739, 49.23535485
6.99680723, 49.2353547
6.99680738, 49.2353549
6.99680722, 49.2353548
6.99680729, 49.235355
6.99680722, 49.23535502
6.99680731, 49.23535511
6.99680722, 49.23535506
6.99680726, 49.23535504
6.99680711, 49.23535499
6.99680711, 49.23535506
6.9968071, 49.23535503
6.99680687, 49.23535496
6.99680367, 49.23535394
6.9967917, 49.23534721
6.9967707, 49.23533669
6.99675299, 49.23532629
6.99672875, 49.23531549
6.99669412, 49.23530495
6.99666448, 49.23529158
6.9966368, 49.2352684
6.99661037, 49.23524307
6.99658282, 49.23521424
6.99655952, 49.23519385
6.99653579, 49.23517371
6.99651482, 49.23515405
6.99649749, 49.23513668
6.99647031, 49.23510599
6.99644297, 49.23507741
6.99641189, 49.23505219
6.99637993, 49.23502777
6.99633727, 49.23500073
6.99630331, 49.23497286
6.99623848, 49.23492328
6.99618504, 49.23489348
6.99613797, 49.23486443
6.99609517, 49.23483733
6.99605625, 49.23481079
6.9960173, 49.23477709
6.9959802, 49.23473597
6.99593364, 49.23470291
6.99588403, 49.23467253
6.99583601, 49.23464189
6.99577941, 49.23461202
6.99572133, 49.23458101
6.99567167, 49.23455293
6.99561345, 49.23452704
6.99556054, 49.23450517
6.995518, 49.23448888
6.99548003, 49.23447744
6.99544442, 49.23446411
6.99539526, 49.23444448
6.9953565, 49.23442559
6.99532652, 49.23440851
6.99527901, 49.23439239
6.99525662, 49.23438524
6.99523311, 49.23437385
6.99520725, 49.23436302
6.99518283, 49.23434602
6.99516324, 49.23433047
6.99514368, 49.23432166
6.99512357, 49.23431246
6.99512362, 49.23430713
6.995096, 49.23429918
6.9950627, 49.23428776
6.99502215, 49.23427447
6.99498568, 49.23425948
6.99494788, 49.23424323
6.99491085, 49.23423597
6.99485508, 49.23421485
6.9947993, 49.23420052
6.99473919, 49.23417828
6.99466526, 49.23415369
6.99460565, 49.23413208
6.99453321, 49.23410971
6.99447684, 49.23409206
6.99439847, 49.23407117
6.99434001, 49.23405254
6.99425348, 49.23402184
6.99419586, 49.23400138
6.9941129, 49.2339802
6.99403816, 49.23396236
6.99398065, 49.23394631
6.99388815, 49.23392392
6.99379068, 49.23391279
6.99371432, 49.23389283
6.99364383, 49.23387605
6.9935779, 49.23385842
6.99351445, 49.23384356
6.99345011, 49.23383159
6.99339004, 49.23382746
6.99333943, 49.23382762
6.99331323, 49.23382759
6.99329877, 49.23382672
6.99329651, 49.23382437
6.99329382, 49.23382551
6.99329382, 49.23382551
6.99329382, 49.23382551
6.99329382, 49.23382551
6.99327708, 49.23382609
6.9932793, 49.23382565
6.9932793, 49.23382565
6.9932793, 49.23382565
6.99326524, 49.23382291
6.99326399, 49.23382162
6.99326399, 49.23382162
6.99326399, 49.23382162
6.99326399, 49.23382162
6.99326399, 49.23382162
6.99326399, 49.23382162
6.99326399, 49.23382162
6.99326399, 49.23382162
6.99326399, 49.23382162
6.99326399, 49.23382162
6.99326399, 49.23382162
6.99326399, 49.23382162
6.99326399, 49.23382162
6.99325657, 49.2338167
6.99324894, 49.23381022
6.99324034, 49.23380085
6.99323756, 49.23378137
6.99322376, 49.23375882
6.99318957, 49.23374571
6.99313985, 49.23375052
6.99309674, 49.23376062
6.99305516, 49.2337669
6.99301416, 49.23375795
6.99296912, 49.23374764
6.99292582, 49.23374287
6.99288533, 49.23373923
6.99284238, 49.2337344
6.99279727, 49.23372663
6.99274952, 49.23372089
6.99270119, 49.2337161
6.99265353, 49.2337091
6.99260425, 49.2337041
6.99255683, 49.23370246
6.99250515, 49.23369933
6.99244761, 49.23368934
6.99238717, 49.23367747
6.99232486, 49.2336701
6.99227469, 49.23366637
6.99223099, 49.23366053
6.99218462, 49.23365254
6.99213827, 49.2336457
6.99210058, 49.23364688
6.99206624, 49.23364455
6.99203296, 49.23364454
6.99199907, 49.23364075
6.99197476, 49.23363704
6.99194707, 49.23363167
6.99191464, 49.23362967
6.99188277, 49.23362524
6.99185557, 49.23362231
6.99183208, 49.23361779
6.99180483, 49.23361006
6.99177512, 49.2335987
6.99174482, 49.23358791
6.99172261, 49.23357776
6.9917026, 49.23356369
6.99168085, 49.23355157
6.99166783, 49.23353964
6.99164937, 49.23352865
6.99163347, 49.23351799
6.99162414, 49.23351325
6.99162239, 49.23350896
6.99162457, 49.23350949
6.99162844, 49.23350857
6.99162844, 49.23350857
6.99162626, 49.23351075
6.99160599, 49.23350958
6.99157365, 49.23350924
6.99152335, 49.23351181
6.99147693, 49.23351822
6.99143474, 49.23352197
6.99139361, 49.23351866
6.99135244, 49.23350451
6.9913083, 49.23348301
6.99127656, 49.23346466
6.99124904, 49.23345026
6.99121753, 49.23343775
6.99117885, 49.23342592
6.99113856, 49.23341136
6.99110298, 49.23339335
6.99106831, 49.23337393
6.99103096, 49.23335901
6.99099308, 49.23334818
6.99095508, 49.23334349
6.99092169, 49.23334403
6.99090556, 49.23334617
6.99088829, 49.23334778
6.99087437, 49.23335014
6.99086649, 49.23335611
6.99085772, 49.23335968
6.99084894, 49.23336003
6.99083455, 49.23335837
6.99081894, 49.23335066
6.99081894, 49.23335066
6.99081894, 49.23335066
6.99081894, 49.23335066
6.99081894, 49.23335066
6.99081894, 49.23335066
6.99081894, 49.23335066
6.99081894, 49.23335066
6.99081894, 49.23335066
6.99081894, 49.23335066
6.99081894, 49.23335066
6.99081894, 49.23335066
6.99081894, 49.23335066
6.99081894, 49.23335066
6.99081894, 49.23335066
6.99081894, 49.23335066
6.99081894, 49.23335066
6.99081894, 49.23335066
6.99081894, 49.23335066
6.99081894, 49.23335066
6.99081894, 49.23335066
6.99081894, 49.23335066
6.99081894, 49.23335066
6.99081894, 49.23335066
6.99081894, 49.23335066
6.99081894, 49.23335066
6.99081894, 49.23335066
6.99081894, 49.23335066
6.99081894, 49.23335066
6.99081894, 49.23335066
6.99081894, 49.23335066
6.99081894, 49.23335066
6.99081894, 49.23335066
6.99081894, 49.23335066
6.99081894, 49.23335066
6.99081894, 49.23335066
6.99081894, 49.23335066
6.99081894, 49.23335066
6.99081894, 49.23335066
6.99081894, 49.23335066
6.99081894, 49.23335066
6.99081894, 49.23335066
6.99081894, 49.23335066
6.99081894, 49.23335066
6.99081894, 49.23335066
6.99081894, 49.23335066
6.99081894, 49.23335066
6.99081894, 49.23335066
6.99081894, 49.23335066
6.99081894, 49.23335066
6.99081894, 49.23335066
6.99081894, 49.23335066
6.99081894, 49.23335066
6.99081894, 49.23335066
6.99081894, 49.23335066
6.99081894, 49.23335066
6.99081894, 49.23335066
6.99081894, 49.23335066
6.99081894, 49.23335066
6.99080299, 49.2333412
6.99078276, 49.23334327
6.99074361, 49.23334791
6.99069731, 49.23335324
6.99064522, 49.23335853
6.99059801, 49.23335927
6.99056204, 49.23334168
6.99052436, 49.23332314
6.99048543, 49.23330241
6.99044543, 49.23329292
6.99041955, 49.23329815
6.99039363, 49.23330231
6.9903693, 49.23330501
6.99034924, 49.23330778
6.99035758, 49.23331045
6.99035817, 49.23331043
6.99033941, 49.23331371
6.99032187, 49.2333173
6.99027246, 49.23332386
6.99021919, 49.23332596
6.99015137, 49.23332048
6.99010097, 49.23331898
6.99003516, 49.233317
6.98996159, 49.23331187
6.98989243, 49.23330645
6.98983007, 49.23330616
6.98977689, 49.23331216
6.9897241, 49.23332
6.98965819, 49.23332563
6.98959421, 49.23333204
6.9895385, 49.23333489
6.98949196, 49.23333403
6.98945112, 49.23333314
6.98941002, 49.2333368
6.98936263, 49.23333914
6.98931359, 49.23333852
6.98926775, 49.2333349
6.9892204, 49.23333356
6.98916253, 49.23333496
6.98911017, 49.23334293
6.98906333, 49.23334805
6.98901255, 49.23334825
6.98896184, 49.23335668
6.98891452, 49.23336474
6.98886378, 49.23336709
6.98875422, 49.23335735
6.98869215, 49.23336091
6.98863451, 49.23336434
6.98858781, 49.23337132
6.98855387, 49.23337373
6.98852917, 49.23337871
6.98851502, 49.23337769
6.9885024, 49.23338049
6.9885024, 49.23338049
6.9885024, 49.23338049
6.9885024, 49.23338049
6.9885024, 49.23338049
6.9885024, 49.23338049
6.9885024, 49.23338049
6.9885024, 49.23338049
6.9885024, 49.23338049
6.9885024, 49.23338049
6.9885024, 49.23338049
6.9885024, 49.23338049
6.9885024, 49.23338049
6.9885024, 49.23338049
6.9885024, 49.23338049
6.9885024, 49.23338049
6.9885024, 49.23338049
6.9885024, 49.23338049
6.9885024, 49.23338049
6.9885024, 49.23338049
6.9885024, 49.23338049
6.9885024, 49.23338049
6.9885024, 49.23338049
6.9885024, 49.23338049
6.9885024, 49.23338049
6.9885024, 49.23338049
6.9885024, 49.23338049
6.9885024, 49.23338049
6.9885024, 49.23338049
6.9885024, 49.23338049
6.9885024, 49.23338049
6.9885024, 49.23338049
6.9884736, 49.23342006
6.9884539, 49.23342052
6.98840606, 49.233432
6.98835863, 49.23344263
6.98831192, 49.23345516
6.98826089, 49.23346118
6.98821879, 49.23347293
6.98817806, 49.23348621
6.988138, 49.23349545
6.98809612, 49.23350262
6.98805602, 49.23351049
6.98801791, 49.23351628
6.98797892, 49.23352005
6.98793822, 49.23352504
6.98788766, 49.23353268
6.98783432, 49.23353893
6.98777887, 49.23354472
6.98772827, 49.23355209
6.98767306, 49.2335601
6.98761927, 49.23356663
6.987564, 49.23357402
6.98751011, 49.23358121
6.98745406, 49.23359119
6.98739875, 49.2336019
6.98734042, 49.233609
6.98728202, 49.23361916
6.9872246, 49.23362794
6.98716922, 49.2336382
6.98711873, 49.23364666
6.98705694, 49.23365334
6.98699774, 49.23365711
6.98694357, 49.23366441
6.98689244, 49.23366835
6.98681885, 49.2336758
6.98676039, 49.23368155
6.98670481, 49.23368094
6.98665703, 49.23368058
6.98662296, 49.23368177
6.98658048, 49.23368293
6.98653719, 49.23368556
6.9864943, 49.23369335
6.98644228, 49.2337079
6.98639361, 49.23371942
6.98634948, 49.233728
6.98629921, 49.23373277
6.98624541, 49.23373498
6.98618996, 49.23373535
6.9861249, 49.23373436
6.98606604, 49.23373378
6.98601705, 49.23373891
6.98597109, 49.23374788
6.98592389, 49.23375733
6.98587373, 49.23376318
6.98582413, 49.23375989
6.98578034, 49.23374911
6.9857448, 49.23374403
6.98571626, 49.23374348
6.98569968, 49.23374538
6.98568178, 49.23374463
6.98567824, 49.23374758
6.98568145, 49.23374929
6.98568145, 49.23374929
6.98568145, 49.23374929
6.98568145, 49.23374929
6.98568145, 49.23374929
6.98568145, 49.23374929
6.98568145, 49.23374929
6.98568145, 49.23374929
6.98568213, 49.23374846
6.98567561, 49.23374725
6.98563394, 49.23375458
6.9856067, 49.23375411
6.98557219, 49.23376043
6.98553295, 49.23376435
6.98549057, 49.23376437
6.98545296, 49.23376671
6.98540752, 49.23377341
6.98536613, 49.23378384
6.98531106, 49.23378717
6.98525042, 49.23378285
6.98519411, 49.2337778
6.98513994, 49.23377151
6.98507741, 49.23377632
6.98501195, 49.23378187
6.984949, 49.23378706
6.98489102, 49.23379614
6.98484055, 49.23380396
6.98479281, 49.23381427
6.98473896, 49.23382239
6.98469015, 49.2338255
6.98464301, 49.23382757
6.98458275, 49.23382541
6.98452553, 49.23382922
6.98446928, 49.23383261
6.98440853, 49.23383627
6.98435723, 49.23383641
6.9842996, 49.23384248
6.98424839, 49.23384546
6.98418175, 49.23384766
6.98412677, 49.23386163
6.98407125, 49.23387583
6.9840206, 49.23388487
6.98396479, 49.233891
6.98389989, 49.23389746
6.98383817, 49.23390367
6.98377741, 49.23391206
6.98371233, 49.23391497
6.98364703, 49.23391288
6.98358325, 49.2339118
6.9835199, 49.23391108
6.98346585, 49.23391155
6.98341006, 49.2339111
6.98335341, 49.23391088
6.98329587, 49.23390793
6.98323507, 49.23391034
6.98317477, 49.23391308
6.98311121, 49.23391359
6.98305718, 49.23391315
6.98300013, 49.23391637
6.98293758, 49.2339204
6.98288087, 49.2339221
6.98281459, 49.2339185
6.98274556, 49.23390814
6.98267048, 49.23390366
6.98260903, 49.23390752
6.9825585, 49.23391504
6.98251334, 49.23392088
6.98246163, 49.23392687
6.98241053, 49.23393267
6.98236277, 49.23393949
6.98231497, 49.23394277
6.98225928, 49.2339437
6.98220305, 49.2339421
6.98216391, 49.2339411
6.98212459, 49.23394292
6.98208518, 49.23394675
6.98204001, 49.23394796
6.98200646, 49.23394811
6.98197449, 49.23394714
6.98193869, 49.23394784
6.98190338, 49.23394645
6.98186693, 49.2339475
6.98182888, 49.23394985
6.98179662, 49.2339537
6.98176027, 49.23395476
6.98172445, 49.23395334
6.98169603, 49.23394999
6.98165497, 49.23394445
6.98161975, 49.23393092
6.98158534, 49.2339202
6.98156193, 49.23391531
6.98152636, 49.23390939
6.98149089, 49.23390477
6.98145889, 49.23390324
6.98143587, 49.23390655
6.98141026, 49.23390955
6.981383, 49.23391339
6.98135558, 49.23391562
6.9813418, 49.23391789
6.98132304, 49.23392082
6.98128953, 49.23392643
6.98126481, 49.23392732
6.98125146, 49.23392815
6.98122966, 49.23393108
6.9812042, 49.23393273
6.98117699, 49.23393274
6.98115427, 49.23393272
6.98112499, 49.23393412
6.98110167, 49.2339335
6.98108039, 49.23393113
6.98105759, 49.23392954
6.98102961, 49.23393047
6.98099735, 49.2339331
6.98097093, 49.23393991
6.98095011, 49.23394176
6.98092355, 49.23394428
6.98088975, 49.23393613
6.98086065, 49.23392986
6.98083061, 49.23392515
6.98080362, 49.2339208
6.98077841, 49.23392037
6.9807476, 49.23391828
6.98071205, 49.23391526
6.98067304, 49.23391023
6.98061796, 49.23390124
6.98056224, 49.23389068
6.98051076, 49.23388164
6.98046487, 49.23387442
6.98040412, 49.23386508
6.98034242, 49.23386638
6.98028216, 49.23386686
6.9802295, 49.23387063
6.98017487, 49.2338679
6.98011542, 49.23386412
6.98006203, 49.23385458
6.98001279, 49.23383483
6.9799629, 49.23383342
6.97991277, 49.23383518
6.97986161, 49.23383991
6.97981356, 49.23384504
6.97975505, 49.23384609
6.97969235, 49.23384609
6.97963564, 49.23384535
6.97958121, 49.23384473
6.97952168, 49.23384476
6.97946497, 49.23384246
6.97941473, 49.23383563
6.97935453, 49.23381732
6.97929092, 49.23381637
6.97923102, 49.23382189
6.97916922, 49.23382248
6.97911124, 49.23381919
6.97905518, 49.23381818
6.97900544, 49.23381818
6.97894975, 49.23381731
6.97888961, 49.23381769
6.97882046, 49.23381684
6.97875346, 49.23382191
6.97868493, 49.2338205
6.97861654, 49.23381525
6.97855773, 49.23380751
6.97849601, 49.23379579
6.97842725, 49.23378217
6.97835475, 49.23377885
6.97828913, 49.23377542
6.97822308, 49.23378005
6.97815288, 49.23377752
6.97808983, 49.23377455
6.9780372, 49.23377256
6.97798765, 49.23376958
6.97793573, 49.23376287
6.97788052, 49.23376146
6.97782805, 49.23375999
6.97778664, 49.23375631
6.9777422, 49.2337505
6.97769969, 49.2337455
6.97766455, 49.23374172
6.97763034, 49.23374177
6.97759688, 49.23374107
6.97757846, 49.23370433
6.97755415, 49.23369977
6.97752631, 49.23369617
6.97748467, 49.2337009
6.9774389, 49.23371188
6.97740981, 49.23372619
6.97739054, 49.23373802
6.97738132, 49.23374036
6.97738132, 49.23374036
6.97738132, 49.23374036
6.97738132, 49.23374036
6.97738132, 49.23374036
6.97738132, 49.23374036
6.97738132, 49.23374036
